SynerJ-59 +2
 0.99985     0.00000
 0.99656     0.00048
 0.99031     0.00141
 0.98280     0.00253
 0.97463     0.00371
 0.96625     0.00490
 0.95778     0.00609
 0.94926     0.00726
 0.94067     0.00844
 0.93211     0.00959
 0.92355     0.01072
 0.91495     0.01185
 0.90637     0.01296
 0.89777     0.01405
 0.88915     0.01513
 0.88057     0.01620
 0.87199     0.01726
 0.86339     0.01829
 0.85479     0.01931
 0.84619     0.02033
 0.83758     0.02133
 0.82897     0.02231
 0.82035     0.02328
 0.81174     0.02425
 0.80312     0.02520
 0.79450     0.02613
 0.78588     0.02706
 0.77725     0.02797
 0.76862     0.02888
 0.75998     0.02978
 0.75134     0.03067
 0.74271     0.03156
 0.73410     0.03242
 0.72549     0.03328
 0.71691     0.03414
 0.70847     0.03500
 0.70442     0.03541
 0.70133     0.03571
 0.69921     0.03591
 0.69084     0.03667
 0.68233     0.03747
 0.67374     0.03829
 0.66514     0.03910
 0.65654     0.03990
 0.64790     0.04069
 0.63923     0.04147
 0.63058     0.04225
 0.62195     0.04301
 0.61332     0.04377
 0.60468     0.04451
 0.59604     0.04524
 0.58738     0.04596
 0.57873     0.04667
 0.57009     0.04738
 0.56144     0.04807
 0.55279     0.04875
 0.54415     0.04942
 0.53550     0.05008
 0.52686     0.05074
 0.51823     0.05137
 0.50959     0.05199
 0.50094     0.05260
 0.49231     0.05319
 0.48367     0.05378
 0.47505     0.05434
 0.46641     0.05489
 0.45778     0.05543
 0.44915     0.05595
 0.44052     0.05645
 0.43190     0.05694
 0.42328     0.05741
 0.41467     0.05785
 0.40604     0.05828
 0.39743     0.05870
 0.38882     0.05908
 0.38021     0.05945
 0.37160     0.05979
 0.36300     0.06011
 0.35439     0.06041
 0.34580     0.06069
 0.33721     0.06093
 0.32862     0.06115
 0.32002     0.06135
 0.31145     0.06151
 0.30287     0.06165
 0.29431     0.06175
 0.28573     0.06182
 0.27718     0.06186
 0.26862     0.06187
 0.26008     0.06184
 0.25154     0.06177
 0.24302     0.06166
 0.23449     0.06152
 0.22598     0.06132
 0.21750     0.06108
 0.20901     0.06079
 0.20053     0.06047
 0.19209     0.06008
 0.18365     0.05963
 0.17524     0.05913
 0.16686     0.05857
 0.15850     0.05794
 0.15018     0.05725
 0.14189     0.05647
 0.13363     0.05562
 0.12541     0.05467
 0.11724     0.05364
 0.10911     0.05252
 0.10104     0.05130
 0.09304     0.04997
 0.08514     0.04852
 0.07731     0.04695
 0.06959     0.04526
 0.06202     0.04341
 0.05459     0.04143
 0.04738     0.03930
 0.04041     0.03701
 0.03375     0.03456
 0.02753     0.03200
 0.02188     0.02937
 0.01696     0.02677
 0.01289     0.02432
 0.00966     0.02211
 0.00716     0.02016
 0.00523     0.01845
 0.00374     0.01693
 0.00257     0.01556
 0.00167     0.01432
 0.00098     0.01318
 0.00048     0.01211
 0.00016     0.01110
 0.00000     0.01015
 0.00002     0.00923
 0.00025     0.00832
 0.00075     0.00744
 0.00151     0.00663
 0.00250     0.00590
 0.00374     0.00520
 0.00524     0.00451
 0.00710     0.00379
 0.00943     0.00303
 0.01241     0.00220
 0.01631     0.00130
 0.02131     0.00034
 0.02747    -0.00063
 0.03450    -0.00153
 0.04210    -0.00233
 0.05002    -0.00304
 0.05810    -0.00363
 0.06634    -0.00413
 0.07467    -0.00456
 0.08303    -0.00491
 0.09146    -0.00520
 0.09994    -0.00543
 0.10843    -0.00562
 0.11695    -0.00577
 0.12551    -0.00587
 0.13409    -0.00595
 0.14267    -0.00599
 0.15125    -0.00600
 0.15987    -0.00599
 0.16849    -0.00595
 0.17712    -0.00589
 0.18575    -0.00582
 0.19441    -0.00572
 0.20307    -0.00561
 0.21172    -0.00549
 0.22038    -0.00534
 0.22904    -0.00519
 0.23772    -0.00501
 0.24640    -0.00483
 0.25506    -0.00465
 0.26372    -0.00444
 0.27241    -0.00422
 0.28111    -0.00400
 0.28981    -0.00378
 0.29850    -0.00355
 0.30718    -0.00331
 0.31587    -0.00306
 0.32457    -0.00280
 0.33328    -0.00254
 0.34198    -0.00227
 0.35068    -0.00201
 0.35937    -0.00173
 0.36808    -0.00145
 0.37679    -0.00116
 0.38550    -0.00088
 0.39421    -0.00059
 0.40291    -0.00030
 0.41161    -0.00000
 0.42032     0.00029
 0.42903     0.00059
 0.43775     0.00089
 0.44646     0.00118
 0.45517     0.00148
 0.46389     0.00178
 0.47261     0.00208
 0.48132     0.00239
 0.49004     0.00269
 0.49876     0.00299
 0.50748     0.00329
 0.51619     0.00359
 0.52490     0.00388
 0.53360     0.00418
 0.54231     0.00448
 0.55103     0.00477
 0.55974     0.00506
 0.56845     0.00535
 0.57715     0.00564
 0.58586     0.00592
 0.59457     0.00620
 0.60328     0.00649
 0.61199     0.00677
 0.62070     0.00705
 0.62941     0.00733
 0.63812     0.00760
 0.64683     0.00787
 0.65555     0.00813
 0.66426     0.00840
 0.67296     0.00866
 0.68166     0.00891
 0.69037     0.00916
 0.70002     0.00942
 0.70779     0.00937
 0.71649     0.00930
 0.72519     0.00922
 0.73388     0.00914
 0.74259     0.00905
 0.75129     0.00895
 0.75998     0.00885
 0.76867     0.00874
 0.77736     0.00862
 0.78607     0.00849
 0.79476     0.00835
 0.80343     0.00821
 0.81210     0.00806
 0.82076     0.00788
 0.82944     0.00770
 0.83810     0.00751
 0.84674     0.00730
 0.85539     0.00707
 0.86404     0.00683
 0.87268     0.00657
 0.88131     0.00630
 0.88992     0.00600
 0.89855     0.00569
 0.90717     0.00535
 0.91575     0.00499
 0.92434     0.00459
 0.93293     0.00418
 0.94145     0.00374
 0.94999     0.00325
 0.95849     0.00274
 0.96692     0.00219
 0.97522     0.00159
 0.98323     0.00096
 0.99056     0.00033
 0.99658    -0.00027
 0.99983    -0.00068
