SynerJ-40 +2
 0.99986     0.00000
 0.99653     0.00046
 0.99012     0.00136
 0.98254     0.00240
 0.97438     0.00348
 0.96605     0.00454
 0.95763     0.00562
 0.94919     0.00666
 0.94069     0.00770
 0.93220     0.00872
 0.92372     0.00971
 0.91519     0.01069
 0.90668     0.01166
 0.89817     0.01262
 0.88962     0.01356
 0.88109     0.01449
 0.87259     0.01540
 0.86408     0.01629
 0.85553     0.01717
 0.84700     0.01804
 0.83847     0.01889
 0.82993     0.01973
 0.82136     0.02056
 0.81281     0.02139
 0.80427     0.02220
 0.79572     0.02300
 0.78714     0.02379
 0.77856     0.02458
 0.77000     0.02536
 0.76144     0.02613
 0.75286     0.02689
 0.74427     0.02766
 0.73571     0.02843
 0.72718     0.02917
 0.71864     0.02991
 0.71018     0.03065
 0.70184     0.03142
 0.70123     0.03146
 0.70061     0.03150
 0.70000     0.03154
 0.69276     0.03203
 0.68441     0.03266
 0.67595     0.03335
 0.66745     0.03406
 0.65893     0.03474
 0.65038     0.03541
 0.64181     0.03608
 0.63323     0.03675
 0.62465     0.03742
 0.61609     0.03808
 0.60752     0.03872
 0.59894     0.03936
 0.59033     0.04000
 0.58174     0.04063
 0.57316     0.04126
 0.56459     0.04187
 0.55601     0.04248
 0.54742     0.04308
 0.53882     0.04368
 0.53024     0.04427
 0.52168     0.04485
 0.51311     0.04541
 0.50453     0.04597
 0.49593     0.04652
 0.48735     0.04706
 0.47877     0.04760
 0.47021     0.04812
 0.46164     0.04863
 0.45306     0.04912
 0.44449     0.04961
 0.43592     0.05009
 0.42736     0.05055
 0.41880     0.05099
 0.41023     0.05142
 0.40166     0.05184
 0.39310     0.05225
 0.38455     0.05263
 0.37600     0.05300
 0.36745     0.05335
 0.35889     0.05368
 0.35033     0.05400
 0.34179     0.05430
 0.33326     0.05457
 0.32473     0.05482
 0.31619     0.05505
 0.30766     0.05525
 0.29913     0.05543
 0.29062     0.05559
 0.28211     0.05571
 0.27360     0.05581
 0.26508     0.05587
 0.25659     0.05591
 0.24810     0.05591
 0.23963     0.05588
 0.23115     0.05581
 0.22269     0.05570
 0.21425     0.05556
 0.20581     0.05536
 0.19738     0.05512
 0.18897     0.05483
 0.18058     0.05449
 0.17221     0.05410
 0.16386     0.05364
 0.15552     0.05313
 0.14723     0.05255
 0.13896     0.05189
 0.13072     0.05115
 0.12251     0.05034
 0.11434     0.04944
 0.10622     0.04845
 0.09814     0.04736
 0.09014     0.04617
 0.08223     0.04486
 0.07438     0.04342
 0.06664     0.04186
 0.05905     0.04015
 0.05160     0.03829
 0.04436     0.03626
 0.03737     0.03407
 0.03069     0.03171
 0.02451     0.02924
 0.01900     0.02672
 0.01434     0.02427
 0.01061     0.02203
 0.00775     0.02004
 0.00558     0.01830
 0.00394     0.01677
 0.00268     0.01540
 0.00171     0.01417
 0.00099     0.01303
 0.00047     0.01196
 0.00014     0.01096
 0.00000     0.01002
 0.00006     0.00910
 0.00035     0.00818
 0.00092     0.00730
 0.00176     0.00650
 0.00285     0.00576
 0.00422     0.00506
 0.00592     0.00437
 0.00807     0.00366
 0.01087     0.00290
 0.01458     0.00208
 0.01947     0.00121
 0.02563     0.00034
 0.03275    -0.00049
 0.04043    -0.00120
 0.04842    -0.00182
 0.05656    -0.00235
 0.06481    -0.00278
 0.07314    -0.00315
 0.08149    -0.00346
 0.08989    -0.00371
 0.09833    -0.00392
 0.10679    -0.00408
 0.11526    -0.00421
 0.12376    -0.00430
 0.13227    -0.00436
 0.14079    -0.00439
 0.14931    -0.00440
 0.15785    -0.00438
 0.16640    -0.00434
 0.17496    -0.00429
 0.18352    -0.00421
 0.19209    -0.00412
 0.20067    -0.00401
 0.20925    -0.00389
 0.21783    -0.00376
 0.22642    -0.00362
 0.23501    -0.00346
 0.24360    -0.00330
 0.25219    -0.00312
 0.26078    -0.00294
 0.26938    -0.00274
 0.27799    -0.00254
 0.28661    -0.00233
 0.29522    -0.00212
 0.30383    -0.00190
 0.31243    -0.00168
 0.32104    -0.00145
 0.32966    -0.00121
 0.33828    -0.00098
 0.34690    -0.00074
 0.35552    -0.00049
 0.36414    -0.00025
 0.37276     0.00000
 0.38139     0.00026
 0.39001     0.00051
 0.39864     0.00076
 0.40726     0.00102
 0.41588     0.00128
 0.42450     0.00154
 0.43313     0.00180
 0.44175     0.00206
 0.45038     0.00232
 0.45900     0.00258
 0.46763     0.00284
 0.47625     0.00310
 0.48487     0.00335
 0.49350     0.00361
 0.50213     0.00386
 0.51075     0.00411
 0.51938     0.00436
 0.52800     0.00461
 0.53661     0.00485
 0.54524     0.00510
 0.55386     0.00533
 0.56249     0.00557
 0.57112     0.00581
 0.57973     0.00604
 0.58836     0.00627
 0.59698     0.00650
 0.60560     0.00673
 0.61422     0.00697
 0.62285     0.00720
 0.63146     0.00743
 0.64008     0.00766
 0.64870     0.00788
 0.65733     0.00810
 0.66595     0.00833
 0.67456     0.00854
 0.68317     0.00875
 0.69178     0.00896
 0.70000     0.00915
 0.70902     0.00905
 0.71763     0.00894
 0.72623     0.00882
 0.73485     0.00870
 0.74346     0.00857
 0.75207     0.00843
 0.76068     0.00830
 0.76927     0.00815
 0.77786     0.00799
 0.78646     0.00782
 0.79506     0.00765
 0.80364     0.00746
 0.81220     0.00726
 0.82077     0.00704
 0.82937     0.00681
 0.83798     0.00658
 0.84659     0.00634
 0.85518     0.00610
 0.86377     0.00584
 0.87237     0.00558
 0.88094     0.00530
 0.88948     0.00502
 0.89804     0.00470
 0.90661     0.00438
 0.91514     0.00403
 0.92367     0.00366
 0.93224     0.00327
 0.94074     0.00287
 0.94924     0.00243
 0.95775     0.00197
 0.96617     0.00149
 0.97455     0.00095
 0.98269     0.00041
 0.99022    -0.00014
 0.99652    -0.00067
 0.99983    -0.00100
